100
2 3 2
1 1 1
2 1 1
2 1 2
3 2 3
4 1 4
45 3 8
8 19 3
1 4 1
12 6 11
100 3 33
5 22 1
73 4 30
15 13 1
5 4 5
100 1 99
2 3 1
25 4 19
2 2 1
1 77 1
4 2 2
23 10 16
3 1 3
11 3 9
4 29 1
39 9 4
31 7 15
100 1 100
90 9 31
59 10 5
12 13 4
14 7 1
5 19 5
82 7 11
59 10 6
75 6 20
13 9 6
10 5 1
2 52 2
40 9 22
97 9 39
76 9 2
73 5 23
3 1 2
2 4 1
3 2 1
59 1 58
100 4 25
3 3 1
100 2 50
27 1 23
3 2 2
14 7 2
4 2 1
4 3 2
80 8 10
66 8 47
16 8 3
22 1 22
10 2 9
15 13 2
44 9 37
3 4 1
34 1 6
57 2 56
2 59 1
10 5 2
4 1 3
22 1 21
12 5 6
1 15 1
100 3 34
100 2 49
10 13 2
5 13 4
75 2 40
100 9 11
19 6 18
80 8 9
100 1 1
17 13 16
1 2 1
91 5 39
21 1 19
22 13 2
22 13 1
74 8 53
1 100 1
3 37 1
100 4 24
10 18 1
100 9 12
4 4 1
4 12 2
1 3 1
4 3 1
1 99 1
59 1 59
1 19 1
56 8 28
