100
2 3 2
1 1 1
2 1 2
3 2 3
100 2 100
4 3 4
91 4 91
100 3 100
33 1 33
3 3 3
3 4 3
60 7 60
76 8 76
92 6 92
90 4 90
3 37 3
1 2 1
11 5 11
53 2 53
96 2 96
58 1 58
47 10 47
87 6 87
1 83 1
3 1 3
39 1 39
8 9 8
46 6 46
93 3 93
77 3 77
1 31 1
1 84 1
24 5 24
35 7 35
1 56 1
1 100 1
14 7 14
68 1 68
5 21 5
4 4 4
1 82 1
1 51 1
37 10 37
1 47 1
4 15 4
4 2 4
1 4 1
19 11 19
2 59 2
22 5 22
59 10 59
35 8 35
85 4 85
57 5 57
10 5 10
3 19 3
1 62 1
87 2 87
1 42 1
2 4 2
88 9 88
100 9 100
58 3 58
33 11 33
2 33 2
100 4 100
3 35 3
100 1 100
72 1 72
22 11 22
6 23 6
27 1 27
79 8 79
93 1 93
54 9 54
8 7 8
69 3 69
84 5 84
61 5 61
6 1 6
4 29 4
31 2 31
54 10 54
66 6 66
2 2 2
55 1 55
21 4 21
1 8 1
83 7 83
1 3 1
61 9 61
14 6 14
10 18 10
12 14 12
80 8 80
100 8 100
1 97 1
35 11 35
4 1 4
7 6 7
