100
2 3 2
1 1 1
2 1 2
3 2 3
54 9 54
2 4 2
4 1 4
5 2 5
65 4 65
100 2 100
57 8 57
31 6 31
55 8 55
7 18 7
48 1 48
1 2 1
8 19 8
7 15 7
54 7 54
7 10 7
33 4 33
3 13 3
19 6 19
2 45 2
4 4 4
85 1 85
100 4 100
100 1 100
1 13 1
92 7 92
99 8 99
3 4 3
5 19 5
60 7 60
100 3 100
81 9 81
97 1 97
50 4 50
4 2 4
20 7 20
89 1 89
2 18 2
1 3 1
2 59 2
18 5 18
9 11 9
1 99 1
56 9 56
3 1 3
100 9 100
30 6 30
15 7 15
22 2 22
1 89 1
10 18 10
28 9 28
1 4 1
80 8 80
54 1 54
14 15 14
2 2 2
15 15 15
51 7 51
87 7 87
81 1 81
37 11 37
37 8 37
1 100 1
4 29 4
64 9 64
1 31 1
80 9 80
34 7 34
3 37 3
40 1 40
12 6 12
14 7 14
96 9 96
23 3 23
93 9 93
93 2 93
33 10 33
56 8 56
1 84 1
3 3 3
82 2 82
10 5 10
49 6 49
75 2 75
2 8 2
88 9 88
3 6 3
4 3 4
96 3 96
87 1 87
42 7 42
36 5 36
34 9 34
8 1 8
25 4 25
